13 256.65 129.57 257.03 63.143 191.37 62.766 190.98 129.19
12 254.56 64.926 254.75 1.2335 191.11 1.0427 190.92 64.735
15 254.76 255.66 255.1 192.4 193.73 192.07 193.39 255.34
2 64.732 190.18 64.663 128.6 2.5553 128.67 2.6235 190.25
9 189.3 127.25 189.59 64.217 128.36 63.936 128.07 126.97
1 62.322 126.21 61.842 67.643 2.1928 68.132 2.673 126.7
8 192.75 63.744 193.17 1.6264 130.44 1.1998 130.02 63.317
3 63.881 254.49 63.559 193.63 1.8024 193.96 2.124 254.81
10 194.57 193.73 195.43 127.45 127.31 126.57 126.45 192.84
4 126.66 62.769 126.38 2.9262 64.552 3.2145 64.831 63.057
14 255.72 195.04 256.16 131.31 194.51 130.88 194.06 194.61
11 196.12 256.52 196.39 189.5 128.69 189.22 128.41 256.24
6 131.88 194.56 133.38 126.29 66.013 124.81 64.507 193.07
